0
2058
4107
6140
8149
10126
12063
13952
15786
17558
19261
20887
22431
23887
25248
26510
27667
28715
29649
30467
31164
31739
32188
32510
32703
32767
32703
32510
32188
31739
31164
30467
29649
28715
27667
26510
25248
23887
22431
20887
19261
17558
15786
13952
12063
10126
8149
6140
4107
2058
0
-2058
-4107
-6140
-8149
-10126
-12063
-13952
-15786
-17558
-19261
-20887
-22431
-23887
-25248
-26510
-27667
-28715
-29649
-30467
-31164
-31739
-32188
-32510
-32703
-32768
-32703
-32510
-32188
-31739
-31164
-30467
-29649
-28715
-27667
-26510
-25248
-23887
-22431
-20887
-19261
-17558
-15786
-13952
-12063
-10126
-8149
-6140
-4107
-2058
0
2058
4107
6140
8149
10126
12063
13952
15786
17558
19261
20887
22431
23887
25248
26510
27667
28715
29649
30467
31164
31739
32188
32510
32703
32767
32703
32510
32188
31739
31164
30467
29649
28715
27667
26510
25248
23887
22431
20887
19261
17558
15786
13952
12063
10126
8149
6140
4107
2058
0
-2058
-4107
-6140
-8149
-10126
-12063
-13952
-15786
-17558
-19261
-20887
-22431
-23887
-25248
-26510
-27667
-28715
-29649
-30467
-31164
-31739
-32188
-32510
-32703
-32768
-32703
-32510
-32188
-31739
-31164
-30467
-29649
-28715
-27667
-26510
-25248
-23887
-22431
-20887
-19261
-17558
-15786
-13952
-12063
-10126
-8149
-6140
-4107
-2058
0
2058
4107
6140
8149
10126
12063
13952
15786
17558
19261
20887
22431
23887
25248
26510
27667
28715
29649
30467
31164
31739
32188
32510
32703
32767
32703
32510
32188
31739
31164
30467
29649
28715
27667
26510
25248
23887
22431
20887
19261
17558
15786
13952
12063
10126
8149
6140
4107
2058
0
-2058
-4107
-6140
-8149
-10126
-12063
-13952
-15786
-17558
-19261
-20887
-22431
-23887
-25248
-26510
-27667
-28715
-29649
-30467
-31164
-31739
-32188
-32510
-32703
-32768
-32703
-32510
-32188
-31739
-31164
-30467
-29649
-28715
-27667
-26510
-25248
-23887
-22431
-20887
-19261
-17558
-15786
-13952
-12063
-10126
-8149
-6140
-4107
-2058
0
2058
4107
6140
8149
10126
12063
13952
15786
17558
19261
20887
22431
23887
25248
26510
27667
28715
29649
30467
31164
31739
32188
32510
32703
32767
32703
32510
32188
31739
31164
30467
29649
28715
27667
26510
25248
23887
22431
20887
19261
17558
15786
13952
12063
10126
8149
6140
4107
2058
0
-2058
-4107
-6140
-8149
-10126
-12063
-13952
-15786
-17558
-19261
-20887
-22431
-23887
-25248
-26510
-27667
-28715
-29649
-30467
-31164
-31739
-32188
-32510
-32703
-32768
-32703
-32510
-32188
-31739
-31164
-30467
-29649
-28715
-27667
-26510
-25248
-23887
-22431
-20887
-19261
-17558
-15786
-13952
-12063
-10126
-8149
-6140
-4107
-2058
0
2058
4107
6140
8149
10126
12063
13952
15786
17558
19261
20887
22431
23887
25248
26510
27667
28715
29649
30467
31164
31739
32188
32510
32703
32767
32703
32510
32188
31739
31164
30467
29649
28715
27667
26510
25248
23887
22431
20887
19261
17558
15786
13952
12063
10126
8149
6140
4107
2058
0
-2058
-4107
-6140
-8149
-10126
-12063
-13952
-15786
-17558
-19261
-20887
-22431
-23887
-25248
-26510
-27667
-28715
-29649
-30467
-31164
-31739
-32188
-32510
-32703
-32768
-32703
-32510
-32188
-31739
-31164
-30467
-29649
-28715
-27667
-26510
-25248
-23887
-22431
-20887
-19261
-17558
-15786
-13952
-12063
-10126
-8149
-6140
-4107
-2058
0
