0
5296
10592
15888
21183
26479
31775
28465
23169
17873
12578
7282
1986
3310
8606
13902
19197
24493
29789
30451
25155
19859
14564
9268
3972
1324
6620
11916
17211
22507
27803
32437
27141
21845
16549
11254
5958
662
4634
9930
15226
20521
25817
31113
29127
23831
18535
13240
7944
2648
2648
7944
13240
18535
23831
29127
31113
25817
20521
15226
9930
4634
662
5958
11254
16549
21845
27141
32437
27803
22507
17211
11916
6620
1324
3972
9268
14564
19859
25155
30451
29789
24493
19197
13902
8606
3310
1986
7282
12578
17873
23169
28465
31775
26479
21183
15888
10592
5296
0
