0.0
0.2099805447662483
0.41059829410197496
0.5929079290546404
0.7487804688228324
0.8712657328328698
0.9549022414440739
0.99596073716013
0.9926104680106482
0.9450008187146686
0.8552546497846893
0.7273736415730488
0.5670598638627709
0.3814615270133743
0.17885425133101782
-0.031727933498067414
-0.24089540559218767
-0.43932162351334203
-0.618158986220605
-0.7694333376119139
-0.8863995251421213
-0.9638421585599419
-0.9983081582712682
-0.9882607242598663
-0.9341478602651068
-0.8383823978010081
-0.7052344107230248
-0.5406408174555982
-0.35194066050218
-0.1475478668255234
0.06342391965656403
0.2715677051645247
0.46760259328953035
0.6427876096865391
0.7893114522520915
0.9006407882664251
0.9718115683235415
0.9996503676899862
0.9829158857310291
0.9223542941045816
0.8206659658093738
0.6823850686015642
0.5136773915734072
0.32206541957859314
0.11609291412523105
-0.09505604330418106
-0.3019665590775693
-0.4954127268912511
-0.6667690005162913
-0.8083947971669181
-0.913975182460995
-0.9788024462147785
-0.9999860139251736
-0.9765813342234725
-0.909631995354519
-0.8021231927550452
-0.658848622559326
-0.48619673610046904
-0.29186588607780733
-0.08452106570119129
0.12659245357374832
0.33206135826223365
0.5227240218713303
0.6900790114821109
0.8266641570456899
0.9263892811211859
0.984807753012208
0.9993147590095232
0.9692634480936082
0.8959937742913363
0.7827727496386827
0.6346487718023781
0.45822652172741174
0.2613724683701512
0.05286411172853263
-0.15800139597334784
-0.36182179980676227
-0.549508978070803
-0.7126941713788623
-0.8441011361916376
-0.937870584301944
-0.9898214418809322
-0.9976372788398351
-0.9609695958324576
-0.881453363447583
-0.7626341207162377
-0.6098098835290982
-0.4297949120891756
-0.23061587074244178
-0.021153928076463973
0.18925124436040705
0.3912179174692095
0.57574062530924
0.7345917086575319
0.8606881770448289
0.9484075313041954
0.993838464461254
0.9949552624964461
0.9517081286462087
0.8660254037844403
