0.0
0.10204081632653061
0.20408163265306123
0.30612244897959184
0.40816326530612246
0.5102040816326531
0.6122448979591837
0.7142857142857143
0.8163265306122449
0.9183673469387755
0.9795918367346939
0.8775510204081631
0.7755102040816326
0.6734693877551022
0.5714285714285714
0.46938775510204067
0.36734693877551017
0.26530612244897966
0.16326530612244888
0.0612244897959181
0.040816326530612346
0.14285714285714285
0.24489795918367363
0.34693877551020413
0.44897959183673464
0.5510204081632654
0.6530612244897956
0.7551020408163269
0.8571428571428571
0.9591836734693879
0.9387755102040813
0.8367346938775511
0.7346938775510203
0.6326530612244896
0.5306122448979593
0.4285714285714286
0.32653061224489777
0.2244897959183676
0.12244897959183626
0.020408163265306034
0.08163265306122475
0.18367346938775497
0.2857142857142857
0.3877551020408159
0.48979591836734726
0.591836734693878
0.6938775510204083
0.795918367346939
0.8979591836734693
1.0
